{
 "cells": [
  {
   "cell_type": "code",
   "execution_count": 171,
   "metadata": {},
   "outputs": [],
   "source": [
    "import numpy as np\n",
    "from numpy.linalg import norm, cholesky, solve\n",
    "from numpy import matmul\n"
   ]
  },
  {
   "cell_type": "code",
   "execution_count": 172,
   "metadata": {},
   "outputs": [
    {
     "name": "stdout",
     "output_type": "stream",
     "text": [
      "[0.89601131 0.47378689 0.11715695 0.07880772 0.98278754 0.06445595\n",
      " 0.48948325 0.40900674 0.76510318 0.07251445] \n",
      " [[0.89601131 0.         0.         0.         0.         0.\n",
      "  0.         0.         0.         0.        ]\n",
      " [0.         0.47378689 0.         0.         0.         0.\n",
      "  0.         0.         0.         0.        ]\n",
      " [0.         0.         0.11715695 0.         0.         0.\n",
      "  0.         0.         0.         0.        ]\n",
      " [0.         0.         0.         0.07880772 0.         0.\n",
      "  0.         0.         0.         0.        ]\n",
      " [0.         0.         0.         0.         0.98278754 0.\n",
      "  0.         0.         0.         0.        ]\n",
      " [0.         0.         0.         0.         0.         0.06445595\n",
      "  0.         0.         0.         0.        ]\n",
      " [0.         0.         0.         0.         0.         0.\n",
      "  0.48948325 0.         0.         0.        ]\n",
      " [0.         0.         0.         0.         0.         0.\n",
      "  0.         0.40900674 0.         0.        ]\n",
      " [0.         0.         0.         0.         0.         0.\n",
      "  0.         0.         0.76510318 0.        ]\n",
      " [0.         0.         0.         0.         0.         0.\n",
      "  0.         0.         0.         0.07251445]]\n",
      "[[ 7.72496107e-01 -2.12157482e-01 -1.91954040e-01 -2.36072267e-03\n",
      "  -2.03314702e-01 -3.57768783e-01 -1.47069793e-01 -5.85139311e-03\n",
      "  -9.00583941e-02 -3.49681846e-01]\n",
      " [-2.12157482e-01  8.02153729e-01 -1.79005665e-01 -2.20147871e-03\n",
      "  -1.89599987e-01 -3.33635275e-01 -1.37149112e-01 -5.45668388e-03\n",
      "  -8.39834511e-02 -3.26093848e-01]\n",
      " [-1.91954040e-01 -1.79005665e-01  8.38040778e-01 -1.99183516e-03\n",
      "  -1.71544662e-01 -3.01863684e-01 -1.24088606e-01 -4.93705199e-03\n",
      "  -7.59858319e-02 -2.95040416e-01]\n",
      " [-2.36072267e-03 -2.20147871e-03 -1.99183516e-03  9.99975504e-01\n",
      "  -2.10972050e-03 -3.71243263e-03 -1.52608815e-03 -6.07177142e-05\n",
      "  -9.34502217e-04 -3.62851752e-03]\n",
      " [-2.03314702e-01 -1.89599987e-01 -1.71544662e-01 -2.10972050e-03\n",
      "   8.18302591e-01 -3.19729269e-01 -1.31432701e-01 -5.22924786e-03\n",
      "  -8.04829988e-02 -3.12502170e-01]\n",
      " [-3.57768783e-01 -3.33635275e-01 -3.01863684e-01 -3.71243263e-03\n",
      "  -3.19729269e-01  4.37378849e-01 -2.31279475e-01 -9.20180207e-03\n",
      "  -1.41624311e-01 -5.49903771e-01]\n",
      " [-1.47069793e-01 -1.37149112e-01 -1.24088606e-01 -1.52608815e-03\n",
      "  -1.31432701e-01 -2.31279475e-01  9.04926796e-01 -3.78263055e-03\n",
      "  -5.82182100e-02 -2.26051679e-01]\n",
      " [-5.85139311e-03 -5.45668388e-03 -4.93705199e-03 -6.07177142e-05\n",
      "  -5.22924786e-03 -9.20180207e-03 -3.78263055e-03  9.99849502e-01\n",
      "  -2.31629912e-03 -8.99380630e-03]\n",
      " [-9.00583941e-02 -8.39834511e-02 -7.59858319e-02 -9.34502217e-04\n",
      "  -8.04829988e-02 -1.41624311e-01 -5.82182100e-02 -2.31629912e-03\n",
      "   9.64349998e-01 -1.38423062e-01]\n",
      " [-3.49681846e-01 -3.26093848e-01 -2.95040416e-01 -3.62851752e-03\n",
      "  -3.12502170e-01 -5.49903771e-01 -2.26051679e-01 -8.99380630e-03\n",
      "  -1.38423062e-01  4.62526148e-01]]\n",
      "[[ 6.34886906e-01 -1.53932030e-01 -7.08167540e-02 -7.80399070e-04\n",
      "  -2.51003418e-01 -1.13135280e-01 -1.09015760e-01 -3.86645638e-03\n",
      "  -9.15778418e-02 -1.13395905e-01]\n",
      " [-1.53932030e-01  4.13773962e-01  9.54079603e-03  2.01761291e-04\n",
      "  -1.54018087e-01  3.53652898e-02 -4.37543317e-02 -1.30169705e-03\n",
      "  -4.99405395e-02  3.19380705e-02]\n",
      " [-7.08167540e-02  9.54079603e-03  1.83548697e-01  8.92895912e-04\n",
      "  -7.81732115e-02  1.39651133e-01  4.66604011e-03  5.82962168e-04\n",
      "  -1.80859537e-02  1.34116900e-01]\n",
      " [-7.80399070e-04  2.01761291e-04  8.92895912e-04  7.88196422e-02\n",
      "  -8.80497279e-04  1.85985085e-03  1.15909011e-04  9.49796451e-06\n",
      "  -1.86590393e-04  1.78857071e-03]\n",
      " [-2.51003418e-01 -1.54018087e-01 -7.81732115e-02 -8.80497279e-04\n",
      "   7.42704866e-01 -1.28851151e-01 -1.08829970e-01 -3.90913254e-03\n",
      "  -8.88249035e-02 -1.28456925e-01]\n",
      " [-1.13135280e-01  3.53652898e-02  1.39651133e-01  1.85985085e-03\n",
      "  -1.28851151e-01  3.54391950e-01  2.08853435e-02  1.57148379e-03\n",
      "  -2.62453137e-02  2.78950943e-01]\n",
      " [-1.09015760e-01 -4.37543317e-02  4.66604011e-03  1.15909011e-04\n",
      "  -1.08829970e-01  2.08853435e-02  4.57659985e-01 -9.61723602e-04\n",
      "  -3.55331205e-02  1.85916165e-02]\n",
      " [-3.86645638e-03 -1.30169705e-03  5.82962168e-04  9.49796451e-06\n",
      "  -3.90913254e-03  1.57148379e-03 -9.61723602e-04  4.08980583e-01\n",
      "  -1.22733100e-03  1.46348564e-03]\n",
      " [-9.15778418e-02 -4.99405395e-02 -1.80859537e-02 -1.86590393e-04\n",
      "  -8.88249035e-02 -2.62453137e-02 -3.55331205e-02 -1.22733100e-03\n",
      "   7.33518576e-01 -2.67675527e-02]\n",
      " [-1.13395905e-01  3.19380705e-02  1.34116900e-01  1.78857071e-03\n",
      "  -1.28456925e-01  2.78950943e-01  1.85916165e-02  1.46348564e-03\n",
      "  -2.67675527e-02  3.40828806e-01]]\n"
     ]
    }
   ],
   "source": [
    "def generate_householder_mat(dim):\n",
    "    rng = np.random.default_rng(52)\n",
    "\n",
    "    w = rng.random(dim)\n",
    "    w = w / norm(w, ord=None) \n",
    "\n",
    "    lambdas = rng.random(dim)\n",
    "    lambda_mat = np.eye(dim)\n",
    "\n",
    "    for i in range(dim):\n",
    "        lambda_mat[i, i] = lambdas[i]\n",
    "    print(lambdas, \"\\n\", lambda_mat)\n",
    "\n",
    "    H = np.eye(dim) - 2 * matmul(w.reshape(dim, -1), w.reshape(-1, dim))\n",
    "    # print(w.reshape(dim, -1), w.reshape(-1, dim))\n",
    "    print(H)\n",
    "\n",
    "    return matmul(matmul(H, lambda_mat), H.T)\n",
    "\n",
    "\n",
    "size_H = 10\n",
    "test_hh = generate_householder_mat(size_H)\n",
    "print(test_hh)\n"
   ]
  },
  {
   "cell_type": "code",
   "execution_count": 173,
   "metadata": {},
   "outputs": [],
   "source": [
    "# def norm(vec):\n",
    "#   sum = 0\n",
    "#   for i in vec:\n",
    "#     sum += i*i \n",
    "#   return sum**(1/2)"
   ]
  },
  {
   "cell_type": "code",
   "execution_count": 174,
   "metadata": {},
   "outputs": [],
   "source": [
    "def generate_positive_definite_matrix(size: int) -> np.ndarray:\n",
    "    \"\"\"\n",
    "    Generate random symmetric positive definite matrix:\n",
    "    1. Create random matrix A\n",
    "    2. Compute A^T * A (always positive semi-definite)\n",
    "    3. Add diagonal dominance to ensure positive definite\n",
    "    \"\"\"\n",
    "    rng = np.random.default_rng(52)\n",
    "    \n",
    "    # Create random matrix\n",
    "    A = rng.random((size, size))\n",
    "    \n",
    "    # Make symmetric positive definite\n",
    "    matrix = A @ A.T  # Ensures positive semi-definite\n",
    "    \n",
    "    # Add to diagonal to ensure positive definite\n",
    "    matrix += size//2 * np.eye(size)\n",
    "    \n",
    "    return matrix"
   ]
  },
  {
   "cell_type": "code",
   "execution_count": 175,
   "metadata": {},
   "outputs": [
    {
     "name": "stdout",
     "output_type": "stream",
     "text": [
      "0.06445594702461907 [ 0.35776894  0.33363542  0.30186382  0.00371243  0.31972941 -0.4373786\n",
      "  0.23127958  0.00920181  0.14162437  0.54990356]\n"
     ]
    }
   ],
   "source": [
    "# mat_size = 3\n",
    "# mat = generate_positive_definite_matrix(3)\n",
    "\n",
    "# print(mat)\n",
    "# mat = np.ndarray((2, 2), dtype=np.int64)\n",
    "\n",
    "\n",
    "def inverse_iteration(A: np.ndarray, tolerance: np.float64 = 1e-13, max_iter: int = 500):\n",
    "    dim = A.shape[0]\n",
    "\n",
    "    # initial guess\n",
    "    x_prev = np.random.rand(dim)\n",
    "    # print(x_prev)\n",
    "\n",
    "    sigma = 0\n",
    "    sigma_prev = 0\n",
    "\n",
    "    # decompose A into L*U using cholesky\n",
    "    L = cholesky(A, upper=False)\n",
    "    U = L.T\n",
    "\n",
    "    A_inv = np.linalg.inv(A)\n",
    "\n",
    "    # U = np.linalg.cholesky(A, upper=True)\n",
    "\n",
    "    # print(L @ L.T) # A matr\n",
    "\n",
    "    for _ in range(max_iter):\n",
    "        x_norm = norm(x_prev, ord=None)\n",
    "        # print(norm)\n",
    "        nu = x_prev / x_norm  # +- eigenvec\n",
    "\n",
    "        # L*y = nu\n",
    "        # U*x = y\n",
    "        y = solve(L, nu)\n",
    "        x_next = solve(U, y)\n",
    "        # x_next = matmul(A_inv, nu)\n",
    "\n",
    "        sigma_prev = sigma\n",
    "        sigma = matmul(nu, x_next)  # eigenvalue\n",
    "\n",
    "        if abs(sigma - sigma_prev) < tolerance and abs(sigma - sigma_prev) != 0:\n",
    "            # print(_)\n",
    "            return nu, 1 / sigma\n",
    "\n",
    "        sigma_prev = sigma\n",
    "        x_prev = x_next\n",
    "\n",
    "    return nu, 1 / sigma\n",
    "\n",
    "\n",
    "eigvec_1, eigval_1 = inverse_iteration(test_hh)\n",
    "\n",
    "print(eigval_1, eigvec_1)\n"
   ]
  },
  {
   "cell_type": "code",
   "execution_count": 190,
   "metadata": {},
   "outputs": [],
   "source": [
    "def inverse_iteration_with_shift_one(\n",
    "    A: np.ndarray, tolerance: np.float64 = 1e-14, max_iter: int = 500\n",
    "):\n",
    "    dim = A.shape[0]\n",
    "\n",
    "    # initial guess\n",
    "    x_prev = np.random.rand(dim)\n",
    "    # print(x_prev)\n",
    "\n",
    "    sigma = 0\n",
    "    sigma_prev = 0\n",
    "\n",
    "    # decompose A into L*U using cholesky\n",
    "    L = cholesky(A, upper=False)\n",
    "    U = L.T\n",
    "\n",
    "    g_1, _ = inverse_iteration(A)\n",
    "    print(g_1, _)\n",
    "\n",
    "    # U = np.linalg.cholesky(A, upper=True)\n",
    "\n",
    "    # print(np.matmul(g_1.reshape(dim, -1), g_1.reshape(-1, dim)))\n",
    "    eyeminus = np.eye(dim) - np.matmul(g_1.reshape(dim, -1), g_1.reshape(-1, dim))\n",
    "\n",
    "    # print(L @ L.T) # A matr\n",
    "\n",
    "    for _ in range(max_iter):\n",
    "        x_norm = norm(x_prev, ord=None)\n",
    "        # print(norm)\n",
    "        nu = x_prev / x_norm  # +- eigenvec\n",
    "\n",
    "        # f = E - g_1*g_1^T\n",
    "        # L*y = f * nu\n",
    "        # U*x = y\n",
    "\n",
    "        y = solve(\n",
    "            L,\n",
    "            matmul(eyeminus, nu),\n",
    "        )\n",
    "        x_next = solve(U, y)\n",
    "\n",
    "        # print(g_1.reshape(dim, -1).shape, g_1.reshape(-1, dim).shape)\n",
    "        # x_next = matmul(\n",
    "        #     matmul(\n",
    "        #         np.linalg.inv(A),\n",
    "        #         np.eye(dim) - np.matmul(g_1.reshape(dim, -1), g_1.reshape(-1, dim)),\n",
    "        #     ),\n",
    "        #     nu,\n",
    "        # )\n",
    "\n",
    "        sigma_prev = sigma\n",
    "        sigma = matmul(nu, x_next)  # eigenvalue\n",
    "\n",
    "        if abs(sigma - sigma_prev) < tolerance:\n",
    "          # print(_)\n",
    "          return nu, 1 / sigma\n",
    "\n",
    "        sigma_prev = sigma\n",
    "        x_prev = x_next\n",
    "\n",
    "    return nu, 1 / sigma\n"
   ]
  },
  {
   "cell_type": "code",
   "execution_count": 177,
   "metadata": {},
   "outputs": [
    {
     "name": "stdout",
     "output_type": "stream",
     "text": [
      "[ 0.35776894  0.33363542  0.30186382  0.00371243  0.31972941 -0.4373786\n",
      "  0.23127958  0.00920181  0.14162437  0.54990356] 0.06445594702461904\n",
      "183\n",
      "(array([ 0.34968166,  0.32609368,  0.29504026,  0.00362875,  0.31250201,\n",
      "        0.54990399,  0.22605156,  0.0089938 ,  0.13842299, -0.46252643]), np.float64(0.07251445258539307))\n"
     ]
    }
   ],
   "source": [
    "print(inverse_iteration_with_shift_one(test_hh))"
   ]
  },
  {
   "cell_type": "code",
   "execution_count": 178,
   "metadata": {},
   "outputs": [
    {
     "name": "stdout",
     "output_type": "stream",
     "text": [
      "EigResult(eigenvalues=array([0.98278754, 0.89601131, 0.76510318, 0.48948325, 0.47378689,\n",
      "       0.40900674, 0.11715695, 0.06445595, 0.07251445, 0.07880772]), eigenvectors=array([[ 2.03314702e-01, -7.72496107e-01,  9.00583941e-02,\n",
      "        -1.47069793e-01, -2.12157482e-01, -5.85139311e-03,\n",
      "         1.91954040e-01,  3.57768783e-01, -3.49681846e-01,\n",
      "         2.36072267e-03],\n",
      "       [ 1.89599987e-01,  2.12157482e-01,  8.39834511e-02,\n",
      "        -1.37149112e-01,  8.02153729e-01, -5.45668388e-03,\n",
      "         1.79005665e-01,  3.33635275e-01, -3.26093848e-01,\n",
      "         2.20147871e-03],\n",
      "       [ 1.71544662e-01,  1.91954040e-01,  7.59858319e-02,\n",
      "        -1.24088606e-01, -1.79005665e-01, -4.93705199e-03,\n",
      "        -8.38040778e-01,  3.01863684e-01, -2.95040416e-01,\n",
      "         1.99183516e-03],\n",
      "       [ 2.10972050e-03,  2.36072267e-03,  9.34502217e-04,\n",
      "        -1.52608815e-03, -2.20147871e-03, -6.07177142e-05,\n",
      "         1.99183516e-03,  3.71243263e-03, -3.62851752e-03,\n",
      "        -9.99975504e-01],\n",
      "       [-8.18302591e-01,  2.03314702e-01,  8.04829988e-02,\n",
      "        -1.31432701e-01, -1.89599987e-01, -5.22924786e-03,\n",
      "         1.71544662e-01,  3.19729269e-01, -3.12502170e-01,\n",
      "         2.10972050e-03],\n",
      "       [ 3.19729269e-01,  3.57768783e-01,  1.41624311e-01,\n",
      "        -2.31279475e-01, -3.33635275e-01, -9.20180207e-03,\n",
      "         3.01863684e-01, -4.37378849e-01, -5.49903771e-01,\n",
      "         3.71243263e-03],\n",
      "       [ 1.31432701e-01,  1.47069793e-01,  5.82182100e-02,\n",
      "         9.04926796e-01, -1.37149112e-01, -3.78263055e-03,\n",
      "         1.24088606e-01,  2.31279475e-01, -2.26051679e-01,\n",
      "         1.52608815e-03],\n",
      "       [ 5.22924786e-03,  5.85139311e-03,  2.31629912e-03,\n",
      "        -3.78263055e-03, -5.45668388e-03,  9.99849502e-01,\n",
      "         4.93705199e-03,  9.20180207e-03, -8.99380630e-03,\n",
      "         6.07177142e-05],\n",
      "       [ 8.04829988e-02,  9.00583941e-02, -9.64349998e-01,\n",
      "        -5.82182100e-02, -8.39834511e-02, -2.31629912e-03,\n",
      "         7.59858319e-02,  1.41624311e-01, -1.38423062e-01,\n",
      "         9.34502217e-04],\n",
      "       [ 3.12502170e-01,  3.49681846e-01,  1.38423062e-01,\n",
      "        -2.26051679e-01, -3.26093848e-01, -8.99380630e-03,\n",
      "         2.95040416e-01,  5.49903771e-01,  4.62526148e-01,\n",
      "         3.62851752e-03]]))\n"
     ]
    }
   ],
   "source": [
    "print(np.linalg.eig(test_hh))"
   ]
  },
  {
   "cell_type": "markdown",
   "metadata": {},
   "source": [
    "## Testing"
   ]
  },
  {
   "cell_type": "code",
   "execution_count": 197,
   "metadata": {},
   "outputs": [
    {
     "name": "stdout",
     "output_type": "stream",
     "text": [
      "[[ 0.30815981 -0.87368846 -0.37643859]\n",
      " [-0.87368846 -0.10333503 -0.47538442]\n",
      " [-0.37643859 -0.47538442  0.79517523]]\n",
      "[-0.3081598   0.87368846  0.37643859] 0.10906275835010237\n",
      "[ 0.37643872  0.47538442 -0.79517517] 0.6294269699418541\n",
      "\n",
      "[[-0.96612475 -0.25807549]\n",
      " [-0.25807549  0.96612475]]\n",
      "[0.9661247  0.25807568] 0.5038337758886929\n",
      "[-0.25807585  0.96612466] 0.9493115894104638\n",
      "\n",
      "[[-0.16714846 -0.82610802 -0.5381514 ]\n",
      " [-0.82610802  0.4152805  -0.38090372]\n",
      " [-0.5381514  -0.38090372  0.75186796]]\n",
      "[0.16714851 0.82610805 0.53815134] 0.2528668529180067\n",
      "[-0.53815125 -0.38090363  0.75186811] 0.5207776810703052\n",
      "\n",
      "[[-0.43335474 -0.90122343]\n",
      " [-0.90122343  0.43335474]]\n",
      "[0.43335539 0.90122312] 0.3465148422405878\n",
      "[ 0.90122307 -0.4333555 ] 0.4048012796739887\n",
      "\n",
      "[[ 0.98423412 -0.17264802 -0.03841683]\n",
      " [-0.17264802 -0.89062355 -0.4206927 ]\n",
      " [-0.03841683 -0.4206927   0.90638943]]\n",
      "[-0.03841656 -0.42069129  0.90639009] 0.36431762058935724\n",
      "[0.1726483  0.89062423 0.42069114] 0.39389574141579936\n",
      "\n",
      "[[ 0.59002443 -0.64275644 -0.48860549]\n",
      " [-0.64275644 -0.00770845 -0.76603181]\n",
      " [-0.48860549 -0.76603181  0.41768402]]\n",
      "[0.64275646 0.00770847 0.7660318 ] 0.24566801935324425\n",
      "[ 0.48860536  0.76603189 -0.41768402] 0.6698524800569735\n",
      "\n",
      "[[ 0.94374976 -0.31082449 -0.11280307]\n",
      " [-0.31082449 -0.71753681 -0.62332099]\n",
      " [-0.11280307 -0.62332099  0.77378705]]\n",
      "[0.31082449 0.71753681 0.62332099] 0.02917275136525197\n",
      "[-0.1128028  -0.62332108  0.77378702] 0.5174273302959572\n",
      "\n",
      "[[ 0.86065094 -0.50919541]\n",
      " [-0.50919541 -0.86065094]]\n",
      "[0.50919664 0.86065021] 0.6220736659306985\n",
      "[ 0.86065012 -0.50919679] 0.6997637316100375\n",
      "\n",
      "[[ 0.73055905 -0.15914988 -0.66404427]\n",
      " [-0.15914988  0.90599542 -0.39222904]\n",
      " [-0.66404427 -0.39222904 -0.63655446]]\n",
      "[0.66404429 0.39222903 0.63655445] 0.15312248169093576\n",
      "[-0.73055901  0.15914996  0.6640443 ] 0.5213200587766516\n",
      "\n",
      "[[ 0.76052247 -0.64931161]\n",
      " [-0.64931161 -0.76052247]]\n",
      "[0.64931146 0.7605226 ] 0.40184996341472734\n",
      "[-0.7605227   0.64931134] 0.706814393457558\n",
      "\n"
     ]
    }
   ],
   "source": [
    "def TEST_generate_householder_mat(dim, lambda_range):\n",
    "    rng = np.random.default_rng()\n",
    "\n",
    "    w = rng.uniform(-lambda_range, lambda_range, dim)\n",
    "    w = rng.random(dim)\n",
    "    w = w / norm(w, ord=None) \n",
    "\n",
    "    lambdas = rng.uniform(-lambda_range, lambda_range, dim)\n",
    "    lambdas = rng.random(dim)\n",
    "    lambda_mat = np.eye(dim)\n",
    "\n",
    "    for i in range(dim):\n",
    "        lambda_mat[i, i] = lambdas[i]\n",
    "    # print(lambdas, \"\\n\", lambda_mat)\n",
    "\n",
    "    # second min\n",
    "    second_lam = np.sort(lambdas)[1]\n",
    "    # print(second_lam)\n",
    "    H = np.eye(dim) - 2 * matmul(w.reshape(dim, -1), w.reshape(-1, dim))\n",
    "    second_g = H[:, 1]\n",
    "    # print(second_g)\n",
    "    print(H)\n",
    "\n",
    "    return matmul(matmul(H, lambda_mat), H.T)\n",
    "\n",
    "def TEST(size_range, lambda_range, lambda_diff=10**(-5)):\n",
    "  rng = np.random.default_rng()\n",
    "  cnt = 0\n",
    "\n",
    "  lambdas_diffs = []\n",
    "  vectors_diffs = []\n",
    "\n",
    "  while cnt < 10:\n",
    "    \n",
    "    size = rng.integers(2, 4)\n",
    "    # A = TEST_generate_householder_mat(size, lambda_range)\n",
    "    try:\n",
    "      A = TEST_generate_householder_mat(size, lambda_range)\n",
    "      vec, val = inverse_iteration_with_shift_one(A)\n",
    "      print(vec, val)\n",
    "      cnt+=1\n",
    "      print(\"\")\n",
    "    except np.linalg.LinAlgError:\n",
    "      print(\"except\")\n",
    "  \n",
    "  \n",
    "  # print(size_range, \" -- \", lambda_range, \" -- \", \"eps=10**(-13)\", lambdas_mean, vectors_mean, r_val, iterat_mean)\n",
    "\n",
    "\n",
    "\n",
    "TEST(10, 2)\n",
    "  "
   ]
  }
 ],
 "metadata": {
  "kernelspec": {
   "display_name": ".venv",
   "language": "python",
   "name": "python3"
  },
  "language_info": {
   "codemirror_mode": {
    "name": "ipython",
    "version": 3
   },
   "file_extension": ".py",
   "mimetype": "text/x-python",
   "name": "python",
   "nbconvert_exporter": "python",
   "pygments_lexer": "ipython3",
   "version": "3.11.5"
  }
 },
 "nbformat": 4,
 "nbformat_minor": 2
}
