{
 "cells": [
  {
   "cell_type": "code",
   "execution_count": 126,
   "metadata": {},
   "outputs": [],
   "source": [
    "import numpy as np\n",
    "from numpy.linalg import norm, cholesky, solve, inv\n",
    "from numpy import matmul, eye\n"
   ]
  },
  {
   "cell_type": "code",
   "execution_count": 127,
   "metadata": {},
   "outputs": [
    {
     "name": "stdout",
     "output_type": "stream",
     "text": [
      "[0.89601131 0.47378689 0.11715695 0.07880772 0.98278754 0.06445595\n",
      " 0.48948325 0.40900674 0.76510318 0.07251445] \n",
      " [[0.89601131 0.         0.         0.         0.         0.\n",
      "  0.         0.         0.         0.        ]\n",
      " [0.         0.47378689 0.         0.         0.         0.\n",
      "  0.         0.         0.         0.        ]\n",
      " [0.         0.         0.11715695 0.         0.         0.\n",
      "  0.         0.         0.         0.        ]\n",
      " [0.         0.         0.         0.07880772 0.         0.\n",
      "  0.         0.         0.         0.        ]\n",
      " [0.         0.         0.         0.         0.98278754 0.\n",
      "  0.         0.         0.         0.        ]\n",
      " [0.         0.         0.         0.         0.         0.06445595\n",
      "  0.         0.         0.         0.        ]\n",
      " [0.         0.         0.         0.         0.         0.\n",
      "  0.48948325 0.         0.         0.        ]\n",
      " [0.         0.         0.         0.         0.         0.\n",
      "  0.         0.40900674 0.         0.        ]\n",
      " [0.         0.         0.         0.         0.         0.\n",
      "  0.         0.         0.76510318 0.        ]\n",
      " [0.         0.         0.         0.         0.         0.\n",
      "  0.         0.         0.         0.07251445]]\n",
      "[[ 7.72496107e-01 -2.12157482e-01 -1.91954040e-01 -2.36072267e-03\n",
      "  -2.03314702e-01 -3.57768783e-01 -1.47069793e-01 -5.85139311e-03\n",
      "  -9.00583941e-02 -3.49681846e-01]\n",
      " [-2.12157482e-01  8.02153729e-01 -1.79005665e-01 -2.20147871e-03\n",
      "  -1.89599987e-01 -3.33635275e-01 -1.37149112e-01 -5.45668388e-03\n",
      "  -8.39834511e-02 -3.26093848e-01]\n",
      " [-1.91954040e-01 -1.79005665e-01  8.38040778e-01 -1.99183516e-03\n",
      "  -1.71544662e-01 -3.01863684e-01 -1.24088606e-01 -4.93705199e-03\n",
      "  -7.59858319e-02 -2.95040416e-01]\n",
      " [-2.36072267e-03 -2.20147871e-03 -1.99183516e-03  9.99975504e-01\n",
      "  -2.10972050e-03 -3.71243263e-03 -1.52608815e-03 -6.07177142e-05\n",
      "  -9.34502217e-04 -3.62851752e-03]\n",
      " [-2.03314702e-01 -1.89599987e-01 -1.71544662e-01 -2.10972050e-03\n",
      "   8.18302591e-01 -3.19729269e-01 -1.31432701e-01 -5.22924786e-03\n",
      "  -8.04829988e-02 -3.12502170e-01]\n",
      " [-3.57768783e-01 -3.33635275e-01 -3.01863684e-01 -3.71243263e-03\n",
      "  -3.19729269e-01  4.37378849e-01 -2.31279475e-01 -9.20180207e-03\n",
      "  -1.41624311e-01 -5.49903771e-01]\n",
      " [-1.47069793e-01 -1.37149112e-01 -1.24088606e-01 -1.52608815e-03\n",
      "  -1.31432701e-01 -2.31279475e-01  9.04926796e-01 -3.78263055e-03\n",
      "  -5.82182100e-02 -2.26051679e-01]\n",
      " [-5.85139311e-03 -5.45668388e-03 -4.93705199e-03 -6.07177142e-05\n",
      "  -5.22924786e-03 -9.20180207e-03 -3.78263055e-03  9.99849502e-01\n",
      "  -2.31629912e-03 -8.99380630e-03]\n",
      " [-9.00583941e-02 -8.39834511e-02 -7.59858319e-02 -9.34502217e-04\n",
      "  -8.04829988e-02 -1.41624311e-01 -5.82182100e-02 -2.31629912e-03\n",
      "   9.64349998e-01 -1.38423062e-01]\n",
      " [-3.49681846e-01 -3.26093848e-01 -2.95040416e-01 -3.62851752e-03\n",
      "  -3.12502170e-01 -5.49903771e-01 -2.26051679e-01 -8.99380630e-03\n",
      "  -1.38423062e-01  4.62526148e-01]]\n",
      "[[ 6.34886906e-01 -1.53932030e-01 -7.08167540e-02 -7.80399070e-04\n",
      "  -2.51003418e-01 -1.13135280e-01 -1.09015760e-01 -3.86645638e-03\n",
      "  -9.15778418e-02 -1.13395905e-01]\n",
      " [-1.53932030e-01  4.13773962e-01  9.54079603e-03  2.01761291e-04\n",
      "  -1.54018087e-01  3.53652898e-02 -4.37543317e-02 -1.30169705e-03\n",
      "  -4.99405395e-02  3.19380705e-02]\n",
      " [-7.08167540e-02  9.54079603e-03  1.83548697e-01  8.92895912e-04\n",
      "  -7.81732115e-02  1.39651133e-01  4.66604011e-03  5.82962168e-04\n",
      "  -1.80859537e-02  1.34116900e-01]\n",
      " [-7.80399070e-04  2.01761291e-04  8.92895912e-04  7.88196422e-02\n",
      "  -8.80497279e-04  1.85985085e-03  1.15909011e-04  9.49796451e-06\n",
      "  -1.86590393e-04  1.78857071e-03]\n",
      " [-2.51003418e-01 -1.54018087e-01 -7.81732115e-02 -8.80497279e-04\n",
      "   7.42704866e-01 -1.28851151e-01 -1.08829970e-01 -3.90913254e-03\n",
      "  -8.88249035e-02 -1.28456925e-01]\n",
      " [-1.13135280e-01  3.53652898e-02  1.39651133e-01  1.85985085e-03\n",
      "  -1.28851151e-01  3.54391950e-01  2.08853435e-02  1.57148379e-03\n",
      "  -2.62453137e-02  2.78950943e-01]\n",
      " [-1.09015760e-01 -4.37543317e-02  4.66604011e-03  1.15909011e-04\n",
      "  -1.08829970e-01  2.08853435e-02  4.57659985e-01 -9.61723602e-04\n",
      "  -3.55331205e-02  1.85916165e-02]\n",
      " [-3.86645638e-03 -1.30169705e-03  5.82962168e-04  9.49796451e-06\n",
      "  -3.90913254e-03  1.57148379e-03 -9.61723602e-04  4.08980583e-01\n",
      "  -1.22733100e-03  1.46348564e-03]\n",
      " [-9.15778418e-02 -4.99405395e-02 -1.80859537e-02 -1.86590393e-04\n",
      "  -8.88249035e-02 -2.62453137e-02 -3.55331205e-02 -1.22733100e-03\n",
      "   7.33518576e-01 -2.67675527e-02]\n",
      " [-1.13395905e-01  3.19380705e-02  1.34116900e-01  1.78857071e-03\n",
      "  -1.28456925e-01  2.78950943e-01  1.85916165e-02  1.46348564e-03\n",
      "  -2.67675527e-02  3.40828806e-01]]\n"
     ]
    }
   ],
   "source": [
    "def generate_householder_mat(dim):\n",
    "    rng = np.random.default_rng(52)\n",
    "\n",
    "    w = rng.random(dim)\n",
    "    w = w / norm(w, ord=None) \n",
    "\n",
    "    lambdas = rng.random(dim)\n",
    "    lambda_mat = eye(dim)\n",
    "\n",
    "    for i in range(dim):\n",
    "        lambda_mat[i, i] = lambdas[i]\n",
    "    print(lambdas, \"\\n\", lambda_mat)\n",
    "\n",
    "    H = eye(dim) - 2 * matmul(w.reshape(dim, -1), w.reshape(-1, dim))\n",
    "    # print(w.reshape(dim, -1), w.reshape(-1, dim))\n",
    "    print(H)\n",
    "\n",
    "    return matmul(matmul(H, lambda_mat), H.T)\n",
    "\n",
    "\n",
    "size_H = 10\n",
    "test_hh = generate_householder_mat(size_H)\n",
    "print(test_hh)\n"
   ]
  },
  {
   "cell_type": "code",
   "execution_count": 128,
   "metadata": {},
   "outputs": [],
   "source": [
    "# def norm(vec):\n",
    "#   sum = 0\n",
    "#   for i in vec:\n",
    "#     sum += i*i \n",
    "#   return sum**(1/2)"
   ]
  },
  {
   "cell_type": "code",
   "execution_count": 129,
   "metadata": {},
   "outputs": [],
   "source": [
    "def generate_positive_definite_matrix(size: int) -> np.ndarray:\n",
    "    \"\"\"\n",
    "    Generate random symmetric positive definite matrix:\n",
    "    1. Create random matrix A\n",
    "    2. Compute A^T * A (always positive semi-definite)\n",
    "    3. Add diagonal dominance to ensure positive definite\n",
    "    \"\"\"\n",
    "    rng = np.random.default_rng(52)\n",
    "    \n",
    "    # Create random matrix\n",
    "    A = rng.random((size, size))\n",
    "    \n",
    "    # Make symmetric positive definite\n",
    "    matrix = A @ A.T  # Ensures positive semi-definite\n",
    "    \n",
    "    # Add to diagonal to ensure positive definite\n",
    "    matrix += size//2 * eye(size)\n",
    "    \n",
    "    return matrix"
   ]
  },
  {
   "cell_type": "code",
   "execution_count": 130,
   "metadata": {},
   "outputs": [
    {
     "name": "stdout",
     "output_type": "stream",
     "text": [
      "0.06445594702461908 [ 0.35776894  0.33363542  0.30186382  0.00371243  0.31972941 -0.4373786\n",
      "  0.23127958  0.00920181  0.14162437  0.54990356]\n"
     ]
    }
   ],
   "source": [
    "# mat_size = 3\n",
    "# mat = generate_positive_definite_matrix(3)\n",
    "\n",
    "# print(mat)\n",
    "# mat = np.ndarray((2, 2), dtype=np.int64)\n",
    "\n",
    "\n",
    "def inverse_iteration(A: np.ndarray, tolerance: np.float64 = 1e-13, max_iter: int = 500):\n",
    "    dim = A.shape[0]\n",
    "\n",
    "    # initial guess\n",
    "    x_prev = np.random.rand(dim)\n",
    "    # print(x_prev)\n",
    "\n",
    "    sigma = 0\n",
    "    sigma_prev = 0\n",
    "\n",
    "    # decompose A into L*U using cholesky\n",
    "    L = cholesky(A, upper=False)\n",
    "    U = L.T\n",
    "\n",
    "    A_inv = np.linalg.inv(A)\n",
    "\n",
    "    # U = np.linalg.cholesky(A, upper=True)\n",
    "\n",
    "    # print(L @ L.T) # A matr\n",
    "\n",
    "    for _ in range(max_iter):\n",
    "        x_norm = norm(x_prev, ord=None)\n",
    "        # print(norm)\n",
    "        nu = x_prev / x_norm  # +- eigenvec\n",
    "\n",
    "        # L*y = nu\n",
    "        # U*x = y\n",
    "        y = solve(L, nu)\n",
    "        x_next = solve(U, y)\n",
    "        # x_next = matmul(A_inv, nu)\n",
    "\n",
    "        sigma_prev = sigma\n",
    "        sigma = matmul(nu, x_next)  # eigenvalue\n",
    "\n",
    "        if abs(sigma - sigma_prev) < tolerance and abs(sigma - sigma_prev) != 0:\n",
    "            # print(_)\n",
    "            return nu, 1 / sigma\n",
    "\n",
    "        sigma_prev = sigma\n",
    "        x_prev = x_next\n",
    "\n",
    "    return nu, 1 / sigma\n",
    "\n",
    "\n",
    "eigvec_1, eigval_1 = inverse_iteration(test_hh)\n",
    "\n",
    "print(eigval_1, eigvec_1)\n"
   ]
  },
  {
   "cell_type": "code",
   "execution_count": 131,
   "metadata": {},
   "outputs": [],
   "source": [
    "def inverse_iteration_with_shift_one(\n",
    "    A: np.ndarray, tolerance: np.float64 = 1e-13, max_iter: int = 500\n",
    "):\n",
    "    dim = A.shape[0]\n",
    "\n",
    "    # initial guess\n",
    "    x_prev = np.random.rand(dim)\n",
    "    # print(x_prev)\n",
    "\n",
    "    sigma = 0\n",
    "    sigma_prev = 0\n",
    "\n",
    "    # decompose A into L*U using cholesky\n",
    "    L = cholesky(A, upper=False)\n",
    "    U = L.T\n",
    "\n",
    "    g_1, _ = inverse_iteration(A)\n",
    "    # print(g_1, _)\n",
    "\n",
    "    # U = np.linalg.cholesky(A, upper=True)\n",
    "\n",
    "    # print(np.matmul(g_1.reshape(dim, -1), g_1.reshape(-1, dim)))\n",
    "    eyeminus = eye(dim) - matmul(g_1.reshape(dim, -1), g_1.reshape(-1, dim))\n",
    "\n",
    "    # print(L @ L.T) # A matr\n",
    "\n",
    "    for i in range(max_iter):\n",
    "        x_norm = norm(x_prev, ord=None)\n",
    "        # print(norm)\n",
    "        nu = x_prev / x_norm  # +- eigenvec\n",
    "\n",
    "        # f = E - g_1*g_1^T\n",
    "        # L*y = f * nu\n",
    "        # U*x = y\n",
    "\n",
    "        y = solve(\n",
    "            L,\n",
    "            matmul(eyeminus, nu),\n",
    "        )\n",
    "        x_next = solve(U, y)\n",
    "\n",
    "        # print(g_1.reshape(dim, -1).shape, g_1.reshape(-1, dim).shape)\n",
    "        # x_next = matmul(\n",
    "        #     matmul(\n",
    "        #         np.linalg.inv(A),\n",
    "        #         np.eye(dim) - np.matmul(g_1.reshape(dim, -1), g_1.reshape(-1, dim)),\n",
    "        #     ),\n",
    "        #     nu,\n",
    "        # )\n",
    "\n",
    "        sigma_prev = sigma\n",
    "        sigma = matmul(nu, x_next)  # eigenvalue\n",
    "\n",
    "        if abs(sigma - sigma_prev) < tolerance:\n",
    "          # print(i)\n",
    "          return nu, 1 / sigma, i\n",
    "\n",
    "        sigma_prev = sigma\n",
    "        x_prev = x_next\n",
    "\n",
    "    return nu, 1 / sigma, max_iter\n"
   ]
  },
  {
   "cell_type": "code",
   "execution_count": 132,
   "metadata": {},
   "outputs": [
    {
     "name": "stdout",
     "output_type": "stream",
     "text": [
      "(array([ 0.34968166,  0.32609367,  0.29504026,  0.00362918,  0.312502  ,\n",
      "        0.54990399,  0.22605156,  0.0089938 ,  0.13842299, -0.46252643]), np.float64(0.07251445258539525), 164)\n"
     ]
    }
   ],
   "source": [
    "print(inverse_iteration_with_shift_one(test_hh))"
   ]
  },
  {
   "cell_type": "code",
   "execution_count": 133,
   "metadata": {},
   "outputs": [
    {
     "name": "stdout",
     "output_type": "stream",
     "text": [
      "EigResult(eigenvalues=array([0.98278754, 0.89601131, 0.76510318, 0.48948325, 0.47378689,\n",
      "       0.40900674, 0.11715695, 0.06445595, 0.07251445, 0.07880772]), eigenvectors=array([[ 2.03314702e-01, -7.72496107e-01,  9.00583941e-02,\n",
      "        -1.47069793e-01, -2.12157482e-01, -5.85139311e-03,\n",
      "         1.91954040e-01,  3.57768783e-01, -3.49681846e-01,\n",
      "         2.36072267e-03],\n",
      "       [ 1.89599987e-01,  2.12157482e-01,  8.39834511e-02,\n",
      "        -1.37149112e-01,  8.02153729e-01, -5.45668388e-03,\n",
      "         1.79005665e-01,  3.33635275e-01, -3.26093848e-01,\n",
      "         2.20147871e-03],\n",
      "       [ 1.71544662e-01,  1.91954040e-01,  7.59858319e-02,\n",
      "        -1.24088606e-01, -1.79005665e-01, -4.93705199e-03,\n",
      "        -8.38040778e-01,  3.01863684e-01, -2.95040416e-01,\n",
      "         1.99183516e-03],\n",
      "       [ 2.10972050e-03,  2.36072267e-03,  9.34502217e-04,\n",
      "        -1.52608815e-03, -2.20147871e-03, -6.07177142e-05,\n",
      "         1.99183516e-03,  3.71243263e-03, -3.62851752e-03,\n",
      "        -9.99975504e-01],\n",
      "       [-8.18302591e-01,  2.03314702e-01,  8.04829988e-02,\n",
      "        -1.31432701e-01, -1.89599987e-01, -5.22924786e-03,\n",
      "         1.71544662e-01,  3.19729269e-01, -3.12502170e-01,\n",
      "         2.10972050e-03],\n",
      "       [ 3.19729269e-01,  3.57768783e-01,  1.41624311e-01,\n",
      "        -2.31279475e-01, -3.33635275e-01, -9.20180207e-03,\n",
      "         3.01863684e-01, -4.37378849e-01, -5.49903771e-01,\n",
      "         3.71243263e-03],\n",
      "       [ 1.31432701e-01,  1.47069793e-01,  5.82182100e-02,\n",
      "         9.04926796e-01, -1.37149112e-01, -3.78263055e-03,\n",
      "         1.24088606e-01,  2.31279475e-01, -2.26051679e-01,\n",
      "         1.52608815e-03],\n",
      "       [ 5.22924786e-03,  5.85139311e-03,  2.31629912e-03,\n",
      "        -3.78263055e-03, -5.45668388e-03,  9.99849502e-01,\n",
      "         4.93705199e-03,  9.20180207e-03, -8.99380630e-03,\n",
      "         6.07177142e-05],\n",
      "       [ 8.04829988e-02,  9.00583941e-02, -9.64349998e-01,\n",
      "        -5.82182100e-02, -8.39834511e-02, -2.31629912e-03,\n",
      "         7.59858319e-02,  1.41624311e-01, -1.38423062e-01,\n",
      "         9.34502217e-04],\n",
      "       [ 3.12502170e-01,  3.49681846e-01,  1.38423062e-01,\n",
      "        -2.26051679e-01, -3.26093848e-01, -8.99380630e-03,\n",
      "         2.95040416e-01,  5.49903771e-01,  4.62526148e-01,\n",
      "         3.62851752e-03]]))\n"
     ]
    }
   ],
   "source": [
    "print(np.linalg.eig(test_hh))"
   ]
  },
  {
   "cell_type": "markdown",
   "metadata": {},
   "source": [
    "## Testing"
   ]
  },
  {
   "cell_type": "code",
   "execution_count": 134,
   "metadata": {},
   "outputs": [],
   "source": [
    "def unit_vector(vector):\n",
    "    \"\"\" Returns the unit vector of the vector.  \"\"\"\n",
    "    return vector / norm(vector)\n",
    "\n",
    "def angle_between(v1, v2):\n",
    "    \"\"\" Returns the angle in radians between vectors 'v1' and 'v2'::\n",
    "\n",
    "            >>> angle_between((1, 0, 0), (0, 1, 0))\n",
    "            1.5707963267948966\n",
    "            >>> angle_between((1, 0, 0), (1, 0, 0))\n",
    "            0.0\n",
    "            >>> angle_between((1, 0, 0), (-1, 0, 0))\n",
    "            3.141592653589793\n",
    "    \"\"\"\n",
    "    v1_u = unit_vector(v1)\n",
    "    v2_u = unit_vector(v2)\n",
    "    return np.arccos(np.clip(np.dot(v1_u, v2_u), -1.0, 1.0))"
   ]
  },
  {
   "cell_type": "code",
   "execution_count": 137,
   "metadata": {},
   "outputs": [
    {
     "name": "stdout",
     "output_type": "stream",
     "text": [
      "10\n",
      "2\n",
      "10  --  2  --  eps=1e-13  --  3.0425093228148015e-07  --  0.0035863072076428885  --  6.28754635301973e-05  --  95.5\n",
      "10  --  2  --  eps=1e-13  --  3.4536325455164494e-07  --  0.0070844014966237505  --  1.4782582623273921e-08  --  88.4\n",
      "50\n",
      "10  --  50  --  eps=1e-13  --  4.51090553799105e-14  --  7.930001650839452e-07  --  7.143833413020273e-08  --  82.5\n",
      "10  --  50  --  eps=1e-13  --  2.855771175092059e-14  --  6.296090216987544e-07  --  7.878551082363128e-09  --  40.3\n",
      "30\n",
      "2\n",
      "30  --  2  --  eps=1e-13  --  5.933101232535875e-15  --  3.7025702426256977e-07  --  1.9689704533476515e-08  --  49.7\n",
      "30  --  2  --  eps=1e-13  --  1.372721381009967e-14  --  5.310334714677528e-07  --  9.569884426574582e-09  --  67.0\n",
      "50\n",
      "30  --  50  --  eps=1e-13  --  1.1481155089143602e-11  --  2.0218931034203043e-05  --  5.752061697176375e-09  --  118.1\n",
      "30  --  50  --  eps=1e-13  --  1.9184357846827037e-07  --  0.0025866679660719446  --  1.890276459665108e-09  --  120.5\n",
      "50\n",
      "2\n",
      "50  --  2  --  eps=1e-13  --  5.795880017017002e-08  --  0.002412205642031969  --  2.931706132858203e-07  --  131.8\n",
      "50  --  2  --  eps=1e-13  --  3.584522833138815e-08  --  0.005229992245229184  --  3.4770481736889902e-09  --  30.5\n",
      "50\n",
      "50  --  50  --  eps=1e-13  --  6.453171330633722e-16  --  2.7297120994170707e-07  --  3.74577893962752e-09  --  66.3\n",
      "50  --  50  --  eps=1e-13  --  7.706335569679367e-15  --  3.802234535425613e-07  --  2.0247897455916153e-09  --  41.2\n"
     ]
    }
   ],
   "source": [
    "def TEST_generate_householder_mat(dim, lambda_range):\n",
    "    rng = np.random.default_rng()\n",
    "\n",
    "    w = rng.uniform(-lambda_range, lambda_range, dim)\n",
    "    w = rng.random(dim)\n",
    "    w = w / norm(w, ord=None)\n",
    "\n",
    "    lambdas = rng.uniform(-lambda_range, lambda_range, dim)\n",
    "    lambdas = rng.random(dim)\n",
    "    lambda_mat = eye(dim)\n",
    "\n",
    "    for i in range(dim):\n",
    "        lambda_mat[i, i] = lambdas[i]\n",
    "    # print(lambdas, \"\\n\", lambda_mat)\n",
    "\n",
    "    idx_second_min = np.where(lambdas == np.sort(lambdas)[1])\n",
    "    # print(idx_second_min[0])\n",
    "    # second min\n",
    "    second_lam = np.sort(lambdas)[1]\n",
    "    # print(second_lam)\n",
    "    H = np.eye(dim) - 2 * matmul(w.reshape(dim, -1), w.reshape(-1, dim))\n",
    "    second_g = H[:, 1]\n",
    "    # print(second_g)\n",
    "    # print(lambdas)\n",
    "    # print(H)\n",
    "\n",
    "    return (\n",
    "        matmul(matmul(H, lambda_mat), H.T),\n",
    "        lambdas[idx_second_min[0]],\n",
    "        H[:, idx_second_min[0]],\n",
    "    )\n",
    "\n",
    "\n",
    "def calculate_accuracy_measure(\n",
    "    A: np.ndarray, x: np.ndarray, lambda_val: float\n",
    ") -> float:\n",
    "    \"\"\"\n",
    "    Calculate accuracy measure r = ||Ax - λx||_∞\n",
    "\n",
    "    Args:\n",
    "        A: Input matrix\n",
    "        x: Eigenvector\n",
    "        lambda_val: Eigenvalue\n",
    "    Returns:\n",
    "        r: Accuracy measure (max absolute residual)\n",
    "    \"\"\"\n",
    "    # Calculate residual vector r = Ax - λx\n",
    "    Ax = matmul(A, x)\n",
    "    lambda_x = lambda_val * x\n",
    "    residual = Ax - lambda_x\n",
    "\n",
    "    # Find max absolute value\n",
    "    r = np.max(np.abs(residual))\n",
    "\n",
    "    return r\n",
    "\n",
    "\n",
    "def TEST(size_range, lambda_range, lambda_diff=10 ** (-5)):\n",
    "    rng = np.random.default_rng()\n",
    "    cnt = 0\n",
    "\n",
    "    lambdas_diffs = []\n",
    "    vectors_diffs = []\n",
    "    iterations = []\n",
    "\n",
    "    while cnt < 10:\n",
    "        size = rng.integers(2, size_range+1)\n",
    "\n",
    "        try:\n",
    "            A, eigenval, eigenvec = TEST_generate_householder_mat(size, lambda_range)\n",
    "\n",
    "            vec, val, iter = inverse_iteration_with_shift_one(A)\n",
    "\n",
    "            # print(vec, val, \"\\n\", iter)\n",
    "            # print(eigenvec, eigenval)\n",
    "\n",
    "            cnt += 1\n",
    "            # print(vec, eigenvec.reshape(-1))\n",
    "            vectors_diffs.append(\n",
    "                min(\n",
    "                    abs(angle_between(vec, eigenvec.reshape(-1))),\n",
    "                    abs(angle_between(-vec, eigenvec.reshape(-1))),\n",
    "                ),\n",
    "            )\n",
    "            lambdas_diffs.append(abs(val - eigenval))\n",
    "            iterations.append(iter)\n",
    "        except np.linalg.LinAlgError:\n",
    "            print(\"except\")\n",
    "\n",
    "    print(\n",
    "        size_range,\n",
    "        \" -- \",\n",
    "        lambda_range,\n",
    "        \" -- \",\n",
    "        f\"eps={10**(-13)}\",\n",
    "        \" -- \",\n",
    "        np.mean(lambdas_diffs),\n",
    "        \" -- \",\n",
    "        np.mean(vectors_diffs),\n",
    "        \" -- \",\n",
    "        calculate_accuracy_measure(A, vec, val),\n",
    "        \" -- \",\n",
    "        np.mean(iterations),\n",
    "    )\n",
    "\n",
    "for size_range in [10, 30, 50]:\n",
    "  print(size_range)\n",
    "  for eigenvals in [2, 50]:\n",
    "    print(eigenvals)\n",
    "    for eig_diffs in [10**(-5), 10**(-8)]:\n",
    "      TEST(size_range, eigenvals, eig_diffs)\n",
    "  \n",
    "# TEST(10, 2)\n"
   ]
  }
 ],
 "metadata": {
  "kernelspec": {
   "display_name": ".venv",
   "language": "python",
   "name": "python3"
  },
  "language_info": {
   "codemirror_mode": {
    "name": "ipython",
    "version": 3
   },
   "file_extension": ".py",
   "mimetype": "text/x-python",
   "name": "python",
   "nbconvert_exporter": "python",
   "pygments_lexer": "ipython3",
   "version": "3.12.5"
  }
 },
 "nbformat": 4,
 "nbformat_minor": 2
}
