{
 "cells": [
  {
   "cell_type": "markdown",
   "metadata": {},
   "source": [
    "## Cholesky LU (not needed right now)"
   ]
  },
  {
   "cell_type": "code",
   "execution_count": 283,
   "metadata": {},
   "outputs": [
    {
     "name": "stdout",
     "output_type": "stream",
     "text": [
      "L:\n",
      " [[ 2.       0.       0.     ]\n",
      " [ 1.       3.       0.     ]\n",
      " [-1.       1.       1.73205]]\n",
      "Verification L@L.T:\n",
      " [[ 4.  2. -2.]\n",
      " [ 2. 10.  2.]\n",
      " [-2.  2.  5.]]\n",
      "L:\n",
      " [[ 2.       0.       0.     ]\n",
      " [ 1.       3.       0.     ]\n",
      " [-1.       1.       1.73205]]\n"
     ]
    }
   ],
   "source": [
    "import numpy as np\n",
    "\n",
    "np.set_printoptions(precision=5, suppress=True)\n",
    "\n",
    "def is_positive_definite(A):\n",
    "    return np.all(np.linalg.eigvals(A) > 0)\n",
    "\n",
    "def cholesky_LU(A):\n",
    "    \"\"\"\n",
    "    Compute Cholesky decomposition of a positive definite matrix A = L @ L.T\n",
    "    Returns lower triangular matrix L\n",
    "    \"\"\"\n",
    "    if not isinstance(A, np.ndarray):\n",
    "        A = np.array(A)\n",
    "    \n",
    "    if A.shape[0] != A.shape[1]:\n",
    "        raise ValueError(\"Matrix must be square\")\n",
    "        \n",
    "    if not np.allclose(A, A.T) or not is_positive_definite(A):\n",
    "        raise ValueError(\"Matrix must be symmetric positive definite\")\n",
    "\n",
    "    n = A.shape[0]\n",
    "    L = np.zeros_like(A, dtype=float)\n",
    "\n",
    "    for i in range(n):\n",
    "        for j in range(i + 1):\n",
    "            if i == j:\n",
    "                L[i,i] = np.sqrt(A[i,i] - np.sum(L[i,:i]**2))\n",
    "            else:\n",
    "                L[i,j] = (A[i,j] - np.sum(L[i,:j]*L[j,:j])) / L[j,j]\n",
    "    \n",
    "    return L\n",
    "\n",
    "# Example usage:\n",
    "if __name__ == \"__main__\":\n",
    "    A = np.array([[4, 2, -2], \n",
    "                  [2, 10, 2], \n",
    "                  [-2, 2, 5]])\n",
    "    L = cholesky_LU(A)\n",
    "    L_true = np.linalg.cholesky(A, upper=False)\n",
    "    print(\"L:\\n\", L)\n",
    "    print(\"Verification L@L.T:\\n\", L @ L.T)\n",
    "    print(\"L:\\n\", L_true)"
   ]
  },
  {
   "cell_type": "markdown",
   "metadata": {},
   "source": [
    "## **Band matrix generation**"
   ]
  },
  {
   "cell_type": "code",
   "execution_count": 284,
   "metadata": {},
   "outputs": [
    {
     "name": "stdout",
     "output_type": "stream",
     "text": [
      "[[-5.62691 -9.13747  4.94983]\n",
      " [-1.6631  -5.96663  0.     ]\n",
      " [ 6.00124  0.       0.     ]]\n"
     ]
    }
   ],
   "source": [
    "def generate_base_symmetric_matrix(N: int, L: int) -> np.ndarray:\n",
    "    \"\"\"\n",
    "    Generate base symmetric band matrix\n",
    "    Args:\n",
    "        N: Matrix dimension\n",
    "        L: Bandwidth\n",
    "        rng: Random number generator\n",
    "    \"\"\"\n",
    "    rng = np.random.default_rng()\n",
    "        \n",
    "    A = np.zeros((N, L), dtype=np.float64)\n",
    "    \n",
    "    # Generate random values for band matrix\n",
    "    for i in range(L):\n",
    "        values = rng.uniform(-10.0, 10.0, N-i)\n",
    "        A[0:N-i, i] = values\n",
    "        \n",
    "    return A\n",
    "\n",
    "print(generate_base_symmetric_matrix(3, 3))\n"
   ]
  },
  {
   "cell_type": "markdown",
   "metadata": {},
   "source": [
    "### *Conditioning*"
   ]
  },
  {
   "cell_type": "code",
   "execution_count": 285,
   "metadata": {},
   "outputs": [
    {
     "name": "stdout",
     "output_type": "stream",
     "text": [
      "[[-0.02119 -0.66724]\n",
      " [ 0.00612 -4.08009]\n",
      " [-0.06137  0.     ]]\n",
      "\n",
      "187.17088027402667\n",
      "\n",
      "[[102.72933   7.01727]\n",
      " [ 93.01125  -2.22168]\n",
      " [105.62748   0.     ]]\n",
      "\n",
      "1.2030734941537788\n",
      "\n"
     ]
    }
   ],
   "source": [
    "def generate_well_conditioned(N: int, L: int, scale: float = 100.0) -> np.ndarray:\n",
    "    \"\"\"\n",
    "    Generate well-conditioned symmetric matrix by:\n",
    "    1. Creating base symmetric matrix\n",
    "    2. Scaling diagonal elements to ensure diagonal dominance\n",
    "    \"\"\"\n",
    "    A = generate_base_symmetric_matrix(N, L)\n",
    "    # Scale first column (diagonal) to ensure well-conditioning\n",
    "    A[:, 0] = A[:, 0] + scale\n",
    "    return A\n",
    "\n",
    "\n",
    "def generate_ill_conditioned(N: int, L: int, k: float = 2.0) -> np.ndarray:\n",
    "    \"\"\"\n",
    "    Generate ill-conditioned symmetric matrix by:\n",
    "    1. Creating base symmetric matrix\n",
    "    2. Scaling first column by small factor 10^(-k)\n",
    "    \"\"\"\n",
    "    A = generate_base_symmetric_matrix(N, L)\n",
    "    # Scale first column to make matrix ill-conditioned\n",
    "    A[:, 0] = A[:, 0] * (10 ** (-k))\n",
    "    return A\n",
    "\n",
    "\n",
    "def band_to_full_matrix(band_matrix: np.ndarray) -> np.ndarray:\n",
    "    \"\"\"\n",
    "    Convert band matrix stored in N×L format to full N×N symmetric matrix\n",
    "\n",
    "    Args:\n",
    "        band_matrix: Band matrix in N×L format where N is dimension and L is bandwidth\n",
    "\n",
    "    Returns:\n",
    "        Full N×N symmetric matrix\n",
    "    \"\"\"\n",
    "    N, L = band_matrix.shape\n",
    "    full_matrix = np.zeros((N, N), dtype=band_matrix.dtype)\n",
    "\n",
    "    # Fill band elements\n",
    "    for i in range(N):\n",
    "        for j in range(L):\n",
    "            if j == 0:\n",
    "                # Diagonal element\n",
    "                full_matrix[i, i] = band_matrix[i, 0]\n",
    "            elif i + j < N:\n",
    "                # Upper band and symmetric lower band\n",
    "                full_matrix[i, i + j] = band_matrix[i, j]\n",
    "                full_matrix[i + j, i] = band_matrix[i, j]  # Symmetry\n",
    "\n",
    "    return full_matrix\n",
    "\n",
    "\n",
    "# def lower_band_to_full(band_matrix: np.ndarray) -> np.ndarray:\n",
    "#     \"\"\"\n",
    "#     Convert lower triangular band matrix stored in N×L format to full N×N matrix\n",
    "\n",
    "#     Args:\n",
    "#         band_matrix: Lower triangular band matrix in N×L format\n",
    "#                     where N is dimension and L is bandwidth\n",
    "#     Returns:\n",
    "#         Full N×N lower triangular matrix\n",
    "#     \"\"\"\n",
    "#     N, L = band_matrix.shape\n",
    "#     full_matrix = np.zeros((N, N), dtype=band_matrix.dtype)\n",
    "\n",
    "#     for i in range(N):\n",
    "#         for j in range(L):\n",
    "#             if j == 0:\n",
    "#                 # Diagonal element\n",
    "#                 full_matrix[i, i] = band_matrix[i, 0]\n",
    "#             else:\n",
    "#                 if i + j < N:  # Check bounds\n",
    "#                     # Map band format to lower triangular\n",
    "#                     full_matrix[i + j, i] = band_matrix[i, j]\n",
    "\n",
    "#     return full_matrix\n",
    "\n",
    "def lower_band_to_full(band_matrix: np.ndarray) -> np.ndarray:\n",
    "    N, L = band_matrix.shape\n",
    "    full_matrix = np.zeros((N, N), dtype=band_matrix.dtype)\n",
    "    \n",
    "    # Fill diagonal from first column\n",
    "    for i in range(N):\n",
    "        full_matrix[i,i] = band_matrix[i,0]\n",
    "    \n",
    "    # Fill bands\n",
    "    for j in range(1, L):  # For each band\n",
    "        band_idx = 0  # Index within current band\n",
    "        for i in range(j, N):  # Fill current band\n",
    "            full_matrix[i,band_idx] = band_matrix[i,j]\n",
    "            band_idx += 1\n",
    "            \n",
    "    return full_matrix\n",
    "\n",
    "def upper_band_to_full(band_matrix: np.ndarray) -> np.ndarray:\n",
    "    \"\"\"\n",
    "    Convert upper triangular band matrix stored in N×L format to full N×N matrix\n",
    "\n",
    "    Args:\n",
    "        band_matrix: Upper triangular band matrix in N×L format\n",
    "                    where N is dimension and L is bandwidth\n",
    "    Returns:\n",
    "        Full N×N upper triangular matrix\n",
    "    \"\"\"\n",
    "    N, L = band_matrix.shape\n",
    "    full_matrix = np.zeros((N, N), dtype=band_matrix.dtype)\n",
    "\n",
    "    # Fill band elements\n",
    "    for i in range(N):\n",
    "        for j in range(L):\n",
    "            if j == 0:\n",
    "                # Diagonal element\n",
    "                full_matrix[i, i] = band_matrix[i, 0]\n",
    "            else:\n",
    "                # Upper band elements only if within matrix bounds\n",
    "                if i + j < N:\n",
    "                    full_matrix[i, i + j] = band_matrix[i, j]\n",
    "\n",
    "    return full_matrix\n",
    "\n",
    "\n",
    "wellc = generate_well_conditioned(3, 2)\n",
    "illc = generate_ill_conditioned(3, 2)\n",
    "print(illc)\n",
    "print()\n",
    "print(np.linalg.cond(band_to_full_matrix(illc)))\n",
    "print()\n",
    "print(wellc)\n",
    "print()\n",
    "print(np.linalg.cond(band_to_full_matrix(wellc)))\n",
    "print()\n"
   ]
  },
  {
   "cell_type": "markdown",
   "metadata": {},
   "source": [
    "## BC decomposition"
   ]
  },
  {
   "cell_type": "code",
   "execution_count": 286,
   "metadata": {},
   "outputs": [
    {
     "name": "stdout",
     "output_type": "stream",
     "text": [
      "B (lower):\n",
      " [[ 0.72926  0.       0.       0.     ]\n",
      " [ 0.0928   0.50581  0.       0.     ]\n",
      " [ 0.17608  0.28175  0.53173  0.     ]\n",
      " [ 0.66403  0.45416  0.06667 -0.38663]]\n",
      "\n",
      "C (upper):\n",
      " [[1.      0.12726 0.24145 0.91056]\n",
      " [0.      1.      0.55703 0.89789]\n",
      " [0.      0.      1.      0.12538]\n",
      " [0.      0.      0.      1.     ]]\n",
      "\n",
      "Verification B@C:\n",
      " [[0.72926 0.0928  0.17608 0.66403]\n",
      " [0.0928  0.51762 0.30416 0.53866]\n",
      " [0.17608 0.30416 0.73118 0.47997]\n",
      " [0.66403 0.53866 0.47997 0.63414]]\n",
      "\n",
      "Original A:\n",
      " [[0.72926 0.0928  0.17608 0.66403]\n",
      " [0.0928  0.51762 0.30416 0.53866]\n",
      " [0.17608 0.30416 0.73118 0.47997]\n",
      " [0.66403 0.53866 0.47997 0.63414]]\n"
     ]
    }
   ],
   "source": [
    "\n",
    "def BC_decomp(A):\n",
    "    \"\"\"\n",
    "    Performs Doolittle LU decomposition of matrix A where:\n",
    "    - B is lower triangular\n",
    "    - C is upper triangular with ones on diagonal\n",
    "    - A = B @ C\n",
    "    \"\"\"\n",
    "    if not isinstance(A, np.ndarray):\n",
    "        A = np.array(A, dtype=float)\n",
    "    \n",
    "    n = A.shape[0]\n",
    "    if A.shape[0] != A.shape[1]:\n",
    "        raise ValueError(\"Matrix must be square\")\n",
    "\n",
    "    B = np.zeros((n, n))\n",
    "    C = np.eye(n, n)\n",
    "    \n",
    "    for i in range(n):\n",
    "        # Calculate B elements\n",
    "        for j in range(i + 1):\n",
    "            sum_b = sum(B[i,k] * C[k,j] for k in range(j))\n",
    "            B[i,j] = A[i,j] - sum_b\n",
    "            \n",
    "        # Calculate C elements\n",
    "        for j in range(i + 1, n):\n",
    "            sum_c = sum(B[i,k] * C[k,j] for k in range(i))\n",
    "            C[i,j] = (A[i,j] - sum_c) / B[i,i]\n",
    "            # C[i,j] = (A[i,j] - sum_c)\n",
    "            \n",
    "    return B, C\n",
    "\n",
    "dim = 4\n",
    "A = np.random.default_rng().random(size=(dim, dim), dtype=np.float64)\n",
    "for i in range(dim):\n",
    "  for j in range(dim):\n",
    "    if i < j:\n",
    "      A[i,j] = A[j, i]\n",
    "\n",
    "B, C = BC_decomp(A)\n",
    "print(\"B (lower):\\n\", B)\n",
    "print(\"\\nC (upper):\\n\", C)\n",
    "print(\"\\nVerification B@C:\\n\", B @ C)\n",
    "print(\"\\nOriginal A:\\n\", A)"
   ]
  },
  {
   "cell_type": "markdown",
   "metadata": {},
   "source": [
    "## solve BC-decomposed system"
   ]
  },
  {
   "cell_type": "code",
   "execution_count": 287,
   "metadata": {},
   "outputs": [
    {
     "name": "stdout",
     "output_type": "stream",
     "text": [
      "[-0.39547 -0.11979  0.27612  1.88379]\n",
      "[-0.39547 -0.11979  0.27612  1.88379]\n"
     ]
    }
   ],
   "source": [
    "def solve_bc_system(B: np.ndarray, C: np.ndarray, f: np.ndarray) -> np.ndarray:\n",
    "    \"\"\"\n",
    "    Solve system Ax=f where A=BC using:\n",
    "    1. By=f -> find y\n",
    "    2. Cx=y -> find x \n",
    "    \"\"\"\n",
    "    if not isinstance(B, np.ndarray) or not isinstance(C, np.ndarray):\n",
    "        raise ValueError(\"Inputs must be numpy arrays\")\n",
    "        \n",
    "    n = B.shape[0]\n",
    "    if B.shape[1] != n or C.shape[0] != n or C.shape[1] != n:\n",
    "        raise ValueError(\"Invalid matrix dimensions\")\n",
    "\n",
    "    # Step 1: Solve By = f\n",
    "    y = np.zeros(n)\n",
    "    for i in range(n):\n",
    "        y[i] = f[i]\n",
    "        for k in range(i):\n",
    "            y[i] -= B[i,k] * y[k]\n",
    "        y[i] /= B[i,i]\n",
    "\n",
    "    # Step 2: Solve Cx = y \n",
    "    x = np.zeros(n)\n",
    "    for i in range(n-1, -1, -1):\n",
    "        x[i] = y[i]\n",
    "        for k in range(i+1, n):\n",
    "            x[i] -= C[i,k] * x[k]\n",
    "        # Note: C diagonal elements are 1\n",
    "        \n",
    "    return x\n",
    "\n",
    "f_test = np.ones(dim)\n",
    "\n",
    "print(solve_bc_system(*BC_decomp(A), f_test))\n",
    "\n",
    "print(np.linalg.solve(A, f_test))"
   ]
  },
  {
   "cell_type": "code",
   "execution_count": 288,
   "metadata": {},
   "outputs": [],
   "source": [
    "def solve_band_bc_system(B: np.ndarray, C: np.ndarray, f: np.ndarray) -> np.ndarray:\n",
    "    \"\"\"\n",
    "    Solve Ax=f where A=BC, with B and C stored as band matrices\n",
    "    \n",
    "    Args:\n",
    "        B: Lower triangular band matrix (N×L)\n",
    "        C: Upper triangular band matrix with ones on diagonal (N×L)\n",
    "        f: Right-hand side vector\n",
    "        \n",
    "    Returns:\n",
    "        x: Solution vector\n",
    "    \"\"\"\n",
    "    N, L = B.shape\n",
    "    y = np.zeros(N)\n",
    "    x = np.zeros(N)\n",
    "    \n",
    "    # Step 1: Solve By = f (forward substitution)\n",
    "    for i in range(N):\n",
    "        y[i] = f[i]\n",
    "        for j in range(max(0, i-L+1), i):\n",
    "            y[i] -= B[j,(i-j)] * y[j]\n",
    "        y[i] /= B[i,0]  # Diagonal elements in first column\n",
    "            \n",
    "    # Step 2: Solve Cx = y (backward substitution)\n",
    "    x[N-1] = y[N-1]  # C has ones on diagonal\n",
    "    for i in range(N-2, -1, -1):\n",
    "        x[i] = y[i]\n",
    "        for j in range(1, min(L, N-i)):\n",
    "            x[i] -= C[i,j] * x[i+j]\n",
    "            \n",
    "    return x"
   ]
  },
  {
   "cell_type": "markdown",
   "metadata": {},
   "source": [
    "## band BC decomposition"
   ]
  },
  {
   "cell_type": "code",
   "execution_count": 289,
   "metadata": {},
   "outputs": [
    {
     "name": "stdout",
     "output_type": "stream",
     "text": [
      "[[ 93.40919   3.52219  -0.13089]\n",
      " [100.06782  -2.93735  -8.07455]\n",
      " [104.99003  -1.39254   0.     ]\n",
      " [104.97606   0.        0.     ]]\n",
      "\n",
      "[[ 93.40919   3.52219  -0.13089   0.     ]\n",
      " [  3.52219 100.06782  -2.93735  -8.07455]\n",
      " [ -0.13089  -2.93735 104.99003  -1.39254]\n",
      " [  0.       -8.07455  -1.39254 104.97606]]\n",
      "\n",
      "[[ 93.40919   0.        0.        0.     ]\n",
      " [  3.52219  99.935     0.        0.     ]\n",
      " [ -0.13089  -2.93242 104.9038    0.     ]\n",
      " [  0.       -8.07455  -1.62948 104.29834]]\n",
      "\n",
      "[[ 1.       0.03771 -0.0014   0.     ]\n",
      " [ 0.       1.      -0.02934 -0.0808 ]\n",
      " [ 0.       0.       1.      -0.01553]\n",
      " [ 0.       0.       0.       1.     ]]\n",
      "\n",
      "[[ 93.40919   3.52219  -0.13089   0.     ]\n",
      " [  3.52219 100.06782  -2.93735  -8.07455]\n",
      " [ -0.13089  -2.93735 104.99003  -1.39254]\n",
      " [  0.       -8.07455  -1.39254 104.97606]]\n"
     ]
    }
   ],
   "source": [
    "def band_BC_decomp(A: np.ndarray) -> tuple[np.ndarray, np.ndarray]:\n",
    "    \"\"\"\n",
    "    Decompose symmetric band matrix A into B*C where:\n",
    "    - B is lower triangular\n",
    "    - C is upper triangular with ones on diagonal\n",
    "    - A is stored in N×L format where N is dimension and L is bandwidth\n",
    "\n",
    "    Args:\n",
    "        A: Band matrix stored as N×L array\n",
    "    Returns:\n",
    "        B: Lower triangular matrix\n",
    "        C: Upper triangular matrix with ones on diagonal\n",
    "    \"\"\"\n",
    "    N, L = A.shape\n",
    "    B = np.zeros((N, N))\n",
    "    C = np.eye(N)\n",
    "\n",
    "    for j in range(N):\n",
    "        # Process diagonal and below\n",
    "        for i in range(j, min(j + L, N)):\n",
    "            if i == j:\n",
    "                # Diagonal element\n",
    "                B[i, j] = A[i, 0] - sum(B[i, k] * C[k, j] for k in range(j))\n",
    "            else:\n",
    "                # Lower band\n",
    "                B[i, j] = A[j, i - j] - sum(B[i, k] * C[k, j] for k in range(j))\n",
    "\n",
    "        # Process above diagonal\n",
    "        for i in range(j + 1, min(j + L, N)):\n",
    "            # Upper band\n",
    "            C[j, i] = (A[j, i - j] - sum(B[j, k] * C[k, i] for k in range(j))) / B[j, j]\n",
    "\n",
    "    return B, C\n",
    "\n",
    "\n",
    "mat_1 = generate_well_conditioned(dim, dim - 1)\n",
    "mat_1_full = band_to_full_matrix(mat_1)\n",
    "print(mat_1)\n",
    "print()\n",
    "print(mat_1_full)\n",
    "print()\n",
    "\n",
    "B, C = band_BC_decomp(mat_1)\n",
    "\n",
    "print(B)\n",
    "print()\n",
    "print(C)\n",
    "print()\n",
    "print(B @ C)\n"
   ]
  },
  {
   "cell_type": "code",
   "execution_count": 290,
   "metadata": {},
   "outputs": [
    {
     "name": "stdout",
     "output_type": "stream",
     "text": [
      "[[ 98.18837  -1.6567    9.86638   3.85015]\n",
      " [100.73598   8.99369   0.44165   0.     ]\n",
      " [108.93584   5.79708   0.        0.     ]\n",
      " [101.47803   0.        0.        0.     ]]\n",
      "\n",
      "[[ 98.18837  -1.6567    9.86638   3.85015]\n",
      " [ -1.6567  100.73598   8.99369   0.44165]\n",
      " [  9.86638   8.99369 108.93584   5.79708]\n",
      " [  3.85015   0.44165   5.79708 101.47803]]\n",
      "\n",
      "[[ 98.18837   0.        0.        0.     ]\n",
      " [100.73598  -1.6567    0.        0.     ]\n",
      " [ 99.94216   8.99369   9.86638   0.     ]\n",
      " [ 95.23931   5.79708   0.44165   3.85015]]\n",
      "\n",
      "[[ 1.      -0.01687  0.10048  0.03921]\n",
      " [ 1.       0.10615 -0.0961   0.     ]\n",
      " [ 1.       0.06532  0.       0.     ]\n",
      " [ 1.       0.       0.       0.     ]]\n",
      "\n",
      "[[ 98.18837   0.        0.        0.     ]\n",
      " [ -1.6567  100.73598   0.        0.     ]\n",
      " [  9.86638   8.99369  99.94216   0.     ]\n",
      " [  3.85015   0.44165   5.79708  95.23931]]\n",
      "\n",
      "[[ 1.      -0.01687  0.10048  0.03921]\n",
      " [ 0.       1.       0.10615 -0.0961 ]\n",
      " [ 0.       0.       1.       0.06532]\n",
      " [ 0.       0.       0.       1.     ]]\n",
      "\n",
      "[[ 98.18837  -1.6567    9.86638   3.85015]\n",
      " [ -1.6567  100.76393  10.5269   -9.74569]\n",
      " [  9.86638   8.82721 101.88828   6.05125]\n",
      " [  3.85015   0.37668   6.23084  95.72653]]\n"
     ]
    }
   ],
   "source": [
    "def band_BC_decomp_band_storage(A: np.ndarray) -> tuple[np.ndarray, np.ndarray]:\n",
    "    \"\"\"\n",
    "    Decompose symmetric band matrix A into B*C where both B and C stored in band format\n",
    "    \n",
    "    Args:\n",
    "        A: Band matrix stored as N×L array\n",
    "    Returns:\n",
    "        B: Lower triangular band matrix (N×L)\n",
    "        C: Upper triangular band matrix with ones on diagonal (N×L)\n",
    "    \"\"\"\n",
    "    N, L = A.shape\n",
    "    B = np.zeros((N, L))\n",
    "    C = np.zeros((N, L))\n",
    "    \n",
    "    # Set ones on diagonal of C\n",
    "    C[:, 0] = 1.0\n",
    "    \n",
    "    for j in range(N):\n",
    "        # Process diagonal and below\n",
    "        for i in range(j, min(j + L, N)):\n",
    "            if i == j:\n",
    "                # Diagonal element\n",
    "                sum_b = sum(B[i,k] * C[k,0] for k in range(j))\n",
    "                B[i,0] = A[i,0] - sum_b\n",
    "            else:\n",
    "                # Lower band\n",
    "                diff = i - j\n",
    "                sum_b = sum(B[i,k] * C[k,diff] for k in range(j))\n",
    "                B[i,diff] = A[j,diff] - sum_b\n",
    "                \n",
    "        # Process above diagonal\n",
    "        for i in range(j + 1, min(j + L, N)):\n",
    "            diff = i - j\n",
    "            # Upper band\n",
    "            sum_c = sum(B[j,k] * C[k,diff] for k in range(j))\n",
    "            C[j,diff] = (A[j,diff] - sum_c) / B[j,0]\n",
    "            \n",
    "    return B, C\n",
    "\n",
    "mat_2 = generate_well_conditioned(dim, dim)\n",
    "mat_2_full = band_to_full_matrix(mat_2)\n",
    "print(mat_2)\n",
    "print()\n",
    "print(mat_2_full)\n",
    "print()\n",
    "\n",
    "B, C = band_BC_decomp_band_storage(mat_2)\n",
    "\n",
    "print(B)\n",
    "print()\n",
    "print(C)\n",
    "print()\n",
    "print(lower_band_to_full(B))\n",
    "print()\n",
    "print(upper_band_to_full(C))\n",
    "print()\n",
    "print(lower_band_to_full(B) @ upper_band_to_full(C))"
   ]
  },
  {
   "cell_type": "code",
   "execution_count": 291,
   "metadata": {},
   "outputs": [
    {
     "name": "stdout",
     "output_type": "stream",
     "text": [
      "A: \n",
      " [[0.72926 0.0928  0.17608 0.66403]\n",
      " [0.0928  0.51762 0.30416 0.53866]\n",
      " [0.17608 0.30416 0.73118 0.47997]\n",
      " [0.66403 0.53866 0.47997 0.63414]]\n",
      "B1: \n",
      " [[ 0.72926  0.       0.       0.     ]\n",
      " [ 0.0928   0.0928   0.       0.     ]\n",
      " [ 0.17608  0.51762 -0.34154  0.     ]\n",
      " [ 0.66403  0.30416  0.30416  0.05572]]\n",
      "B2: \n",
      " [[ 0.72926  0.       0.       0.     ]\n",
      " [ 0.0928   0.50581  0.       0.     ]\n",
      " [ 0.17608  0.28175  0.53173  0.     ]\n",
      " [ 0.66403  0.45416  0.06667 -0.38663]]\n",
      "C1: \n",
      " [[1.      0.12726 0.24145 0.91056]\n",
      " [0.      1.      5.45023 3.03594]\n",
      " [0.      0.      1.      7.24222]\n",
      " [0.      0.      0.      1.     ]]\n",
      "C2: \n",
      " [[1.      0.12726 0.24145 0.91056]\n",
      " [0.      1.      0.55703 0.89789]\n",
      " [0.      0.      1.      0.12538]\n",
      " [0.      0.      0.      1.     ]]\n",
      "B1@C1: \n",
      " [[ 0.72926  0.0928   0.17608  0.66403]\n",
      " [ 0.0928   0.10461  0.52821  0.36625]\n",
      " [ 0.17608  0.54002  2.5221  -0.74173]\n",
      " [ 0.66403  0.38866  2.1222   3.78652]]\n",
      "B2@C2: \n",
      " [[0.72926 0.0928  0.17608 0.66403]\n",
      " [0.0928  0.51762 0.30416 0.53866]\n",
      " [0.17608 0.30416 0.73118 0.47997]\n",
      " [0.66403 0.53866 0.47997 0.63414]]\n"
     ]
    }
   ],
   "source": [
    "f_test_2 = np.ones(dim)\n",
    "\n",
    "B1, C1 = band_BC_decomp_band_storage(A)\n",
    "B2, C2 = BC_decomp(A)\n",
    "\n",
    "print(f\"A: \\n\", A)\n",
    "print(f\"B1: \\n\", lower_band_to_full(B1))\n",
    "print(f\"B2: \\n\", B2)\n",
    "print(f\"C1: \\n\", upper_band_to_full(C1))\n",
    "print(f\"C2: \\n\", C2)\n",
    "print(f\"B1@C1: \\n\", lower_band_to_full(B1)@upper_band_to_full(C1))\n",
    "print(f\"B2@C2: \\n\", B2@C2)\n",
    "\n",
    "# print(solve_band_bc_system(*band_BC_decomp_band_storage(A), f_test_2))\n",
    "\n",
    "# print(solve_bc_system(*BC_decomp(A), f_test_2))\n",
    "\n",
    "# print(np.linalg.solve(A, f_test_2))\n"
   ]
  }
 ],
 "metadata": {
  "kernelspec": {
   "display_name": ".venv",
   "language": "python",
   "name": "python3"
  },
  "language_info": {
   "codemirror_mode": {
    "name": "ipython",
    "version": 3
   },
   "file_extension": ".py",
   "mimetype": "text/x-python",
   "name": "python",
   "nbconvert_exporter": "python",
   "pygments_lexer": "ipython3",
   "version": "3.12.5"
  }
 },
 "nbformat": 4,
 "nbformat_minor": 2
}
