{
 "cells": [
  {
   "cell_type": "code",
   "execution_count": 1,
   "metadata": {},
   "outputs": [
    {
     "name": "stdout",
     "output_type": "stream",
     "text": [
      "L:\n",
      " [[ 2.          0.          0.        ]\n",
      " [ 1.          3.          0.        ]\n",
      " [-1.          1.          1.73205081]]\n",
      "Verification L@L.T:\n",
      " [[ 4.  2. -2.]\n",
      " [ 2. 10.  2.]\n",
      " [-2.  2.  5.]]\n",
      "L:\n",
      " [[ 2.          0.          0.        ]\n",
      " [ 1.          3.          0.        ]\n",
      " [-1.          1.          1.73205081]]\n"
     ]
    }
   ],
   "source": [
    "import numpy as np\n",
    "\n",
    "def is_positive_definite(A):\n",
    "    return np.all(np.linalg.eigvals(A) > 0)\n",
    "\n",
    "def cholesky_LU(A):\n",
    "    \"\"\"\n",
    "    Compute Cholesky decomposition of a positive definite matrix A = L @ L.T\n",
    "    Returns lower triangular matrix L\n",
    "    \"\"\"\n",
    "    if not isinstance(A, np.ndarray):\n",
    "        A = np.array(A)\n",
    "    \n",
    "    if A.shape[0] != A.shape[1]:\n",
    "        raise ValueError(\"Matrix must be square\")\n",
    "        \n",
    "    if not np.allclose(A, A.T) or not is_positive_definite(A):\n",
    "        raise ValueError(\"Matrix must be symmetric positive definite\")\n",
    "\n",
    "    n = A.shape[0]\n",
    "    L = np.zeros_like(A, dtype=float)\n",
    "\n",
    "    for i in range(n):\n",
    "        for j in range(i + 1):\n",
    "            if i == j:\n",
    "                L[i,i] = np.sqrt(A[i,i] - np.sum(L[i,:i]**2))\n",
    "            else:\n",
    "                L[i,j] = (A[i,j] - np.sum(L[i,:j]*L[j,:j])) / L[j,j]\n",
    "    \n",
    "    return L\n",
    "\n",
    "# Example usage:\n",
    "if __name__ == \"__main__\":\n",
    "    A = np.array([[4, 2, -2], \n",
    "                  [2, 10, 2], \n",
    "                  [-2, 2, 5]])\n",
    "    L = cholesky_LU(A)\n",
    "    L_true = np.linalg.cholesky(A, upper=False)\n",
    "    print(\"L:\\n\", L)\n",
    "    print(\"Verification L@L.T:\\n\", L @ L.T)\n",
    "    print(\"L:\\n\", L_true)"
   ]
  },
  {
   "cell_type": "code",
   "execution_count": 2,
   "metadata": {},
   "outputs": [
    {
     "name": "stdout",
     "output_type": "stream",
     "text": [
      "B (lower):\n",
      " [[ 0.85660072  0.          0.          0.        ]\n",
      " [ 0.76979425 -0.42227185  0.          0.        ]\n",
      " [ 0.87820923 -0.5793023   0.67923782  0.        ]\n",
      " [ 0.48636802  0.14310548  0.17484793  0.70359684]]\n",
      "\n",
      "C (upper):\n",
      " [[ 1.          0.89866168  1.02522588  0.56778847]\n",
      " [ 0.          1.          1.37187052 -0.3388942 ]\n",
      " [ 0.          0.          1.          0.25741784]\n",
      " [ 0.          0.          0.          1.        ]]\n",
      "\n",
      "Verification B@C:\n",
      " [[0.85660072 0.76979425 0.87820923 0.48636802]\n",
      " [0.76979425 0.26951275 0.20991069 0.58018578]\n",
      " [0.87820923 0.20991069 0.78487291 0.8698072 ]\n",
      " [0.48636802 0.58018578 0.8698072  0.97626235]]\n",
      "\n",
      "Original A:\n",
      " [[0.85660072 0.76979425 0.87820923 0.48636802]\n",
      " [0.76979425 0.26951275 0.20991069 0.58018578]\n",
      " [0.87820923 0.20991069 0.78487291 0.8698072 ]\n",
      " [0.48636802 0.58018578 0.8698072  0.97626235]]\n"
     ]
    }
   ],
   "source": [
    "\n",
    "def BC_decomp(A):\n",
    "    \"\"\"\n",
    "    Performs Doolittle LU decomposition of matrix A where:\n",
    "    - B is lower triangular\n",
    "    - C is upper triangular with ones on diagonal\n",
    "    - A = B @ C\n",
    "    \"\"\"\n",
    "    if not isinstance(A, np.ndarray):\n",
    "        A = np.array(A, dtype=float)\n",
    "    \n",
    "    n = A.shape[0]\n",
    "    if A.shape[0] != A.shape[1]:\n",
    "        raise ValueError(\"Matrix must be square\")\n",
    "\n",
    "    B = np.zeros((n, n))\n",
    "    C = np.eye(n, n)\n",
    "    \n",
    "    for i in range(n):\n",
    "        # Calculate B elements\n",
    "        for j in range(i + 1):\n",
    "            sum_b = sum(B[i,k] * C[k,j] for k in range(j))\n",
    "            B[i,j] = A[i,j] - sum_b\n",
    "            \n",
    "        # Calculate C elements\n",
    "        for j in range(i + 1, n):\n",
    "            sum_c = sum(B[i,k] * C[k,j] for k in range(i))\n",
    "            C[i,j] = (A[i,j] - sum_c) / B[i,i]\n",
    "            # C[i,j] = (A[i,j] - sum_c)\n",
    "            \n",
    "    return B, C\n",
    "\n",
    "dim = 4\n",
    "A = np.random.default_rng().random(size=(dim, dim), dtype=np.float64)\n",
    "for i in range(dim):\n",
    "  for j in range(dim):\n",
    "    if i < j:\n",
    "      A[i,j] = A[j, i]\n",
    "\n",
    "B, C = BC_decomp(A)\n",
    "print(\"B (lower):\\n\", B)\n",
    "print(\"\\nC (upper):\\n\", C)\n",
    "print(\"\\nVerification B@C:\\n\", B @ C)\n",
    "print(\"\\nOriginal A:\\n\", A)"
   ]
  },
  {
   "cell_type": "code",
   "execution_count": 4,
   "metadata": {},
   "outputs": [
    {
     "name": "stdout",
     "output_type": "stream",
     "text": [
      "[ 0.66334359  0.59222929 -0.42797593  0.72319128]\n",
      "[ 0.66334359  0.59222929 -0.42797593  0.72319128]\n"
     ]
    }
   ],
   "source": [
    "def solve_bc_system(B: np.ndarray, C: np.ndarray, f: np.ndarray) -> np.ndarray:\n",
    "    \"\"\"\n",
    "    Solve system Ax=f where A=BC using:\n",
    "    1. By=f -> find y\n",
    "    2. Cx=y -> find x \n",
    "    \"\"\"\n",
    "    if not isinstance(B, np.ndarray) or not isinstance(C, np.ndarray):\n",
    "        raise ValueError(\"Inputs must be numpy arrays\")\n",
    "        \n",
    "    n = B.shape[0]\n",
    "    if B.shape[1] != n or C.shape[0] != n or C.shape[1] != n:\n",
    "        raise ValueError(\"Invalid matrix dimensions\")\n",
    "\n",
    "    # Step 1: Solve By = f\n",
    "    y = np.zeros(n)\n",
    "    for i in range(n):\n",
    "        y[i] = f[i]\n",
    "        for k in range(i):\n",
    "            y[i] -= B[i,k] * y[k]\n",
    "        y[i] /= B[i,i]\n",
    "\n",
    "    # Step 2: Solve Cx = y \n",
    "    x = np.zeros(n)\n",
    "    for i in range(n-1, -1, -1):\n",
    "        x[i] = y[i]\n",
    "        for k in range(i+1, n):\n",
    "            x[i] -= C[i,k] * x[k]\n",
    "        # Note: C diagonal elements are 1\n",
    "        \n",
    "    return x\n",
    "\n",
    "f_test = np.ones(dim)\n",
    "\n",
    "print(solve_bc_system(*BC_decomp(A), f_test))\n",
    "\n",
    "print(np.linalg.solve(A, f_test))"
   ]
  }
 ],
 "metadata": {
  "kernelspec": {
   "display_name": ".venv",
   "language": "python",
   "name": "python3"
  },
  "language_info": {
   "codemirror_mode": {
    "name": "ipython",
    "version": 3
   },
   "file_extension": ".py",
   "mimetype": "text/x-python",
   "name": "python",
   "nbconvert_exporter": "python",
   "pygments_lexer": "ipython3",
   "version": "3.12.5"
  }
 },
 "nbformat": 4,
 "nbformat_minor": 2
}
